4294967279,110
4294967279,109
4294967279,302
4294967278,310
4294967279,301
4294967278,309
4294967279,300
4294967278,308
4294967279,299
4294967278,307
4294967279,111
4294967279,298
4294967278,306
4294967279,297
4294967279,113
4294967279,112
4294967278,305
4294967279,116
4294967279,115
4294967279,114
4294967279,296
4294967278,304
4294967279,295
4294967279,126
4294967279,125
4294967279,124
4294967279,123
4294967279,122
4294967279,121
4294967279,120
4294967279,119
4294967279,118
4294967279,117
4294967278,303
4294967278,13
4294967278,12
4294967278,11
4294967278,10
4294967278,9
4294967278,8
4294967278,7
4294967278,6
4294967278,5
4294967278,4
4294967279,132
4294967279,131
4294967279,130
4294967279,129
4294967279,128
4294967279,127
4294967279,294
4294967278,302
4294967279,293
4294967278,301
4294967279,292
4294967278,300
4294967279,291
4294967294,81
4294967294,11
4294967278,37
4294967278,34
4294967278,33
4294967278,32
4294967278,31
4294967278,30
4294967278,29
4294967278,28
4294967278,27
4294967278,26
4294967278,137
4294967278,25
4294967278,280
4294967278,24
4294967278,23
4294967278,22
4294967278,21
4294967278,20
4294967278,19
4294967278,18
4294967278,17
4294967278,16
4294967278,15
4294967278,14
4294967279,22
4294967279,20
4294967279,19
4294967279,18
4294967279,17
4294967279,16
4294967279,14
4294967279,13
4294967278,175
4294967278,173
4294967278,170
4294967279,290
4294967278,299
4294967278,298
10,6
4294967294,114
4294967294,473
4294967294,388
4294967294,387
4294967278,169
4294967278,297
4294967279,289
4294967279,288
4294967278,168
10,5
4294967278,166
10,4
4294967278,165
10,3
10,2
10,1
4294967278,296
4294967278,164
4294967278,163
9,4
4294967278,162
9,3
9,2
9,1
4294967278,295
4294967278,161
4294967278,160
4294967278,294
4294967279,287
4294967279,286
4294967278,159
8,5
4294967278,157
8,4
4294967278,156
8,3
8,2
8,1
4294967278,293
4294967278,155
4294967294,1180
4294967294,120
4294967294,472
4294967294,1102
4294967294,1096
4294967278,153
4294967278,292
4294967279,285
4294967279,284
4294967278,152
7,5
4294967278,150
7,4
4294967278,149
7,3
7,2
7,1
4294967278,291
4294967278,36
4294967278,148
4294967278,35
4294967278,290
4294967279,283
4294967279,282
6,5
6,4
6,3
6,2
6,1
4294967278,289
4294967294,1179
4294967294,436
4294967294,390
4294967294,392
4294967294,389
4294967294,115
4294967294,428
4294967278,288
4294967279,281
4294967279,280
5,6
4294967294,89
4294967294,999
4294967294,1014
4294967294,1091
4294967294,1015
4294967294,170
5,5
4294967294,186
4294967294,439
0,5
5,4
4294967279,133
5,3
5,2
5,1
4294967279,279
4294967279,278
4294967279,277
4294967294,42
4,4
4294967279,270
4,3
4,2
4,1
4294967279,276
4294967294,43
4294967279,269
4294967294,44
4294967278,287
4294967278,286
4294967279,267
3,5
4294967294,76
4294967294,53
4294967294,416
4294967294,51
4294967294,82
4294967278,285
4294967279,265
3,4
4294967279,264
3,3
3,2
3,1
4294967294,1018
4294967294,91
4294967294,87
4294967294,85
4294967279,260
4294967279,0
4294967294,22
4294967294,88
4294967294,84
4294967279,262
4294967294,7
4294967294,6
4294967294,94
4294967294,93
4294967294,96
4294967294,95
4294967279,261
2,4
2,3
2,2
2,1
4294967279,259
4294967294,8
0,7
4294967294,471
4294967294,29
4294967294,418
4294967294,28
4294967294,1017
4294967294,27
4294967278,284
4294967278,260
4294967278,0
4294967294,1099
4294967294,46
4294967294,17
4294967294,41
4294967294,168
4294967294,2
4294967294,166
4294967294,24
4294967294,384
4294967294,184
4294967294,25
4294967294,26
4294967294,188
4294967294,185
4294967294,69
4294967279,258
4294967294,67
4294967294,68
4294967278,132
4294967278,131
4294967278,257
4294967278,130
4294967278,129
4294967278,128
4294967278,256
4294967278,127
4294967278,126
4294967278,125
4294967278,124
4294967278,123
4294967278,252
4294967278,122
4294967278,251
